80
443
21
22
23
53
25
3306
8080
3389
1194
8443
10001
139
445
1080
546
311
220
194
137
41002
5004
79
67
68
69
43
111
115
179
502
513
514
530
587
593
631
749
750
752
853
990
992
993
994
995
1241
1270
1433
1512
1812
1813
102
1900
2082
2083
2375
2377
2376
2483
2484
3000
3690
4444
4664
5000
5001
5222
5280
5353
5432
5601
5900
5901
5984
6000
6001
6159
6200
6201
6225
6227
6240
6244
6255
6262
6379
2379
10250
10255
44134
4194
6543
6601
8443
6443
7777
7946
8000
8005
8008
8088
8089
8172
8194
8222
8332
8333
8443
6443
47808
5985
6093
6095
