21
22
23
25
43
53
67
68
69
79
80
102
111
115
137
139
179
194
220
311
443
445
502
513
514
530
546
587
593
631
749
750
752
853
990
992
993
994
995
1080
1098
1099
1194
1241
1270
1433
1512
1812
1813
1900
2001
2082
2083
2375
2376
2377
2379
2483
2484
3000
3306
3389
3690
4194
4444
4664
5000
5001
5004
5222
5280
5353
5432
5601
5900
5901
5984
5985
6000
6001
6093
6095
6159
6200
6201
6225
6227
6240
6244
6255
6262
6379
6443
6443
6543
6601
6969
7777
7946
8000
8005
8008
8009
8080
8088
8089
8172
8194
8222
8332
8333
8443
8443
8443
8983
9012
9025
9875
10001
10250
10255
15672
41002
44134
47808
